[gd_scene load_steps=14 format=3 uid="uid://2r2xorepwlip"]

[ext_resource type="PackedScene" uid="uid://cdk6hwb4hi2wc" path="res://Player/player.tscn" id="1_ndiqr"]
[ext_resource type="PackedScene" uid="uid://xf5n1prpkpxt" path="res://Prefabs/GAME_Client.tscn" id="2_ecytd"]
[ext_resource type="PackedScene" uid="uid://b76n4885ldf8m" path="res://Prefabs/GAME_Chair.tscn" id="3_q2e3v"]
[ext_resource type="PackedScene" uid="uid://b2n231sfdc2dh" path="res://Levels/AudioScene.tscn" id="4_nwgsj"]
[ext_resource type="Script" uid="uid://7luc516gncmd" path="res://Script/SelectToolUI.gd" id="5_kld8x"]
[ext_resource type="Script" uid="uid://cyd5sr7auhq8t" path="res://Script/UI/game_score.gd" id="6_kng65"]
[ext_resource type="Material" uid="uid://nr0j7j660s45" path="res://Art/Materials/mat_wall.tres" id="7_m5lms"]
[ext_resource type="Material" uid="uid://d1gkpjjlnk4tf" path="res://Art/Materials/mat_floor.tres" id="8_wlehf"]

[sub_resource type="ProceduralSkyMaterial" id="ProceduralSkyMaterial_yxtyg"]

[sub_resource type="Sky" id="Sky_edr0k"]
sky_material = SubResource("ProceduralSkyMaterial_yxtyg")

[sub_resource type="Environment" id="Environment_k5onh"]
background_mode = 2
sky = SubResource("Sky_edr0k")

[sub_resource type="ViewportTexture" id="ViewportTexture_kld8x"]
viewport_path = NodePath("FrontViewPort")

[sub_resource type="ViewportTexture" id="ViewportTexture_kng65"]
viewport_path = NodePath("BackViewPort")

[node name="World" type="Node3D"]

[node name="WorldEnvironment" type="WorldEnvironment" parent="."]
environment = SubResource("Environment_k5onh")

[node name="DirectionalLight3d" type="DirectionalLight3D" parent="WorldEnvironment"]
transform = Transform3D(-0.678961, 0.262875, -0.685499, -0.027831, 0.923814, 0.38183, 0.733646, 0.278326, -0.619918, 0, 6.83834, 0)
shadow_enabled = true

[node name="Player" parent="." instance=ExtResource("1_ndiqr")]
transform = Transform3D(-4.37114e-08, -0.34202, 0.939693, 0, 0.939693, 0.34202, -1, 1.49502e-08, -4.10753e-08, 0.860232, 1.83242, -1)

[node name="AudioScene" parent="." instance=ExtResource("4_nwgsj")]

[node name="Celebrity" parent="." instance=ExtResource("2_ecytd")]
transform = Transform3D(1.00115, 0, 0, 0, 1.00115, 0, 0, 0, 1.00115, 0, 1, -10)
is_celebrity = true

[node name="Chair" parent="." instance=ExtResource("3_q2e3v")]
transform = Transform3D(1, 0, 0, 0, 1, 0, 0, 0, 1, 0, 0.3, -1)

[node name="Client" parent="Chair" instance=ExtResource("2_ecytd")]
transform = Transform3D(1.00115, 0, 0, 0, 1.00115, 0, 0, 0, 1.00115, 0.00351608, 0.505171, 0.00166607)

[node name="Control" type="Control" parent="."]
layout_mode = 3
anchors_preset = 15
anchor_right = 1.0
anchor_bottom = 1.0
grow_horizontal = 2
grow_vertical = 2
mouse_filter = 2

[node name="Label" type="Label" parent="Control" node_paths=PackedStringArray("label")]
layout_mode = 0
offset_left = 157.0
offset_top = 602.0
offset_right = 213.0
offset_bottom = 625.0
mouse_filter = 0
mouse_default_cursor_shape = 2
text = "CISORS"
script = ExtResource("5_kld8x")
tool_to_use = 0
label = NodePath(".")

[node name="Label2" type="Label" parent="Control" node_paths=PackedStringArray("label")]
layout_mode = 0
offset_left = 248.0
offset_top = 603.0
offset_right = 304.0
offset_bottom = 626.0
mouse_filter = 0
mouse_default_cursor_shape = 2
text = "CISORS"
script = ExtResource("5_kld8x")
tool_to_use = 1
label = NodePath(".")

[node name="Label3" type="Label" parent="Control" node_paths=PackedStringArray("label")]
layout_mode = 0
offset_left = 342.0
offset_top = 603.0
offset_right = 398.0
offset_bottom = 626.0
mouse_filter = 0
mouse_default_cursor_shape = 2
text = "CISORS"
script = ExtResource("5_kld8x")
tool_to_use = 2
label = NodePath(".")

[node name="Label4" type="Label" parent="Control" node_paths=PackedStringArray("label")]
layout_mode = 0
offset_left = 428.0
offset_top = 598.0
offset_right = 484.0
offset_bottom = 621.0
mouse_filter = 0
mouse_default_cursor_shape = 2
text = "CISORS"
script = ExtResource("5_kld8x")
tool_to_use = 3
label = NodePath(".")

[node name="Label5" type="Label" parent="Control" node_paths=PackedStringArray("label")]
layout_mode = 0
offset_left = 525.0
offset_top = 606.0
offset_right = 581.0
offset_bottom = 629.0
mouse_filter = 0
mouse_default_cursor_shape = 2
text = "CISORS"
script = ExtResource("5_kld8x")
tool_to_use = 4
label = NodePath(".")

[node name="Score Label" type="Label" parent="Control" node_paths=PackedStringArray("label")]
layout_mode = 0
offset_right = 40.0
offset_bottom = 23.0
theme_override_font_sizes/font_size = 50
text = "asasd"
script = ExtResource("6_kng65")
label = NodePath(".")

[node name="FrontViewPort" type="TextureRect" parent="Control"]
layout_mode = 1
anchors_preset = 1
anchor_left = 1.0
anchor_right = 1.0
offset_left = -269.0
offset_top = 13.0
offset_right = -13.0
offset_bottom = 269.0
grow_horizontal = 0
texture = SubResource("ViewportTexture_kld8x")
expand_mode = 1

[node name="BackViewPort" type="TextureRect" parent="Control"]
layout_mode = 1
anchors_preset = 1
anchor_left = 1.0
anchor_right = 1.0
offset_left = -568.0
offset_top = 13.0
offset_right = -312.0
offset_bottom = 269.0
grow_horizontal = 0
texture = SubResource("ViewportTexture_kng65")
expand_mode = 1

[node name="FrontViewPort" type="SubViewport" parent="."]
transparent_bg = true

[node name="Camera3D" type="Camera3D" parent="FrontViewPort"]
transform = Transform3D(-4.37114e-08, 0, 1, 0, 1, 0, -1, 0, -4.37114e-08, 0.8, 1.8, -10)

[node name="BackViewPort" type="SubViewport" parent="."]
transparent_bg = true

[node name="Camera3D" type="Camera3D" parent="BackViewPort"]
transform = Transform3D(-4.37114e-08, 0, -1, 0, 1, 0, 1, 0, -4.37114e-08, -0.8, 1.8, -10)

[node name="GreyBox" type="Node" parent="."]

[node name="wall1" type="CSGBox3D" parent="GreyBox"]
transform = Transform3D(0.890308, -0.455358, -1.35707e-08, 0, 2.98023e-08, -1, 0.455358, 0.890308, 2.65333e-08, 0.920209, 0.746018, 0.78668)
size = Vector3(6.6, 0.8, 3.9)

[node name="subwall1*" type="CSGBox3D" parent="GreyBox/wall1"]
transform = Transform3D(1, 2.98023e-08, 7.11579e-09, -2.98023e-08, 1, 1.49012e-08, -2.2017e-08, -7.78537e-09, 1, -1.3, -0.49197, -0.7)
operation = 2
size = Vector3(2.1, 0.455859, 1.3)

[node name="Wall2" type="CSGBox3D" parent="GreyBox"]
transform = Transform3D(0.455358, 0.890308, -1.40209e-08, -2.98023e-08, 0, -1, -0.890308, 0.455358, 4.30401e-08, -0.627273, 0.737288, -3.42829)
size = Vector3(6.6, 0.8, 3.9)
material = ExtResource("7_m5lms")

[node name="coiff" type="CSGBox3D" parent="GreyBox"]
transform = Transform3D(0.310903, -0.5, 2.13312e-08, 0, -4.37114e-08, -0.976, 0.1795, 0.866025, -3.69466e-08, -1.022, 0.940856, -2.07662)
size = Vector3(1, 0.9, 1.5)

[node name="CSGCylinder3D" type="CSGCylinder3D" parent="GreyBox/coiff"]
transform = Transform3D(-9.7407e-08, 0.835655, 0, 5.24537e-08, 0, 0.8, 0.819672, 1.34359e-08, -5.37435e-08, 0.0555964, -4.76837e-07, -0.751397)
radius = 0.5625
height = 1.05
sides = 12

[node name="table" type="CSGBox3D" parent="GreyBox"]
transform = Transform3D(0.455358, 0.890308, -3.89166e-08, 0, -4.37114e-08, -1, -0.890308, 0.455358, -1.99043e-08, -0.628197, 0.446014, -1.89569)
use_collision = true
size = Vector3(1.56611, 0.8, 1.3)

[node name="sol" type="CSGBox3D" parent="GreyBox"]
transform = Transform3D(0.890308, 0, -0.455358, 0, 1, 0, 0.455358, 0, 0.890308, 2.22625, 0.0752919, -1.98646)
use_collision = true
size = Vector3(6.6, 0.2, 5.7)
material = ExtResource("8_wlehf")

[node name="sol2" type="CSGBox3D" parent="GreyBox"]
transform = Transform3D(0.890308, 0, -0.455358, 0, 1, 0, 0.455358, 0, 0.890308, 2.43486, 3.65, -1.98646)
use_collision = true
size = Vector3(6.6, 0.2, 5.7)
