[gd_scene load_steps=29 format=3 uid="uid://2r2xorepwlip"]

[ext_resource type="Script" uid="uid://dsr476vjg31mu" path="res://Script/GameWorld.gd" id="1_25dgi"]
[ext_resource type="PackedScene" uid="uid://cdk6hwb4hi2wc" path="res://Player/player.tscn" id="1_ndiqr"]
[ext_resource type="PackedScene" uid="uid://xf5n1prpkpxt" path="res://Prefabs/GAME_Client.tscn" id="2_ecytd"]
[ext_resource type="PackedScene" uid="uid://b76n4885ldf8m" path="res://Prefabs/GAME_Chair.tscn" id="3_q2e3v"]
[ext_resource type="PackedScene" uid="uid://b2n231sfdc2dh" path="res://Levels/AudioScene.tscn" id="4_nwgsj"]
[ext_resource type="Material" uid="uid://nr0j7j660s45" path="res://Art/Materials/mat_wall.tres" id="7_m5lms"]
[ext_resource type="Material" uid="uid://d1gkpjjlnk4tf" path="res://Art/Materials/mat_floor.tres" id="8_wlehf"]
[ext_resource type="Material" uid="uid://c1o6altg54q33" path="res://Art/Materials/mat_lightsr.tres" id="9_5hxgg"]
[ext_resource type="Material" uid="uid://ddpg4xbdjtrrw" path="res://Art/Materials/mat_flooring.tres" id="9_noaln"]
[ext_resource type="Texture2D" uid="uid://bl3ht16gvsdb3" path="res://Art/Texture/doop.png" id="10_chuaw"]
[ext_resource type="Texture2D" uid="uid://bycsc2apfab67" path="res://Art/Texture/lareal.png" id="11_v4o67"]
[ext_resource type="Texture2D" uid="uid://bqtvsaxrdg6ql" path="res://Art/Texture/prices.png" id="12_8n2e8"]
[ext_resource type="PackedScene" uid="uid://bvqxybvysrsto" path="res://Art/Mesh/Enviro/carpet.fbx" id="14_fktxf"]
[ext_resource type="PackedScene" uid="uid://dgs37q3tafv8b" path="res://Art/Mesh/Enviro/textured/vanity.tscn" id="14_tu7wk"]
[ext_resource type="PackedScene" uid="uid://cydbvyq2mwab3" path="res://Art/Mesh/Enviro/textured/trophy.tscn" id="18_ibl7g"]
[ext_resource type="PackedScene" path="res://Art/Mesh/Enviro/textured/brush.tscn" id="19_fktxf"]
[ext_resource type="PackedScene" uid="uid://c821855hmfdpv" path="res://Art/Mesh/Enviro/textured/flacon_1.tscn" id="19_xqf6g"]
[ext_resource type="PackedScene" uid="uid://b2cdn38ht2vc6" path="res://Art/Mesh/Enviro/flacon1.fbx" id="20_4a8cn"]
[ext_resource type="PackedScene" uid="uid://deftsp1xr2lin" path="res://Art/Mesh/Enviro/textured/lamp.tscn" id="20_noaln"]
[ext_resource type="PackedScene" uid="uid://cg5pt4ly5ysxo" path="res://Art/Mesh/Enviro/textured/miror.tscn" id="20_tu7wk"]
[ext_resource type="PackedScene" uid="uid://b7magkmehip1s" path="res://Art/Mesh/Enviro/textured/hair_dryer.tscn" id="20_xqf6g"]

[sub_resource type="ProceduralSkyMaterial" id="ProceduralSkyMaterial_yxtyg"]

[sub_resource type="Sky" id="Sky_edr0k"]
sky_material = SubResource("ProceduralSkyMaterial_yxtyg")

[sub_resource type="Environment" id="Environment_k5onh"]
background_mode = 1
sky = SubResource("Sky_edr0k")
ambient_light_source = 2
ambient_light_color = Color(0.825719, 0.829118, 0.578352, 1)
ambient_light_sky_contribution = 0.4
ambient_light_energy = 0.69
ssao_enabled = true
ssil_enabled = true
glow_enabled = true

[sub_resource type="StandardMaterial3D" id="StandardMaterial3D_v4o67"]
albedo_texture = ExtResource("10_chuaw")

[sub_resource type="StandardMaterial3D" id="StandardMaterial3D_8n2e8"]
albedo_texture = ExtResource("11_v4o67")

[sub_resource type="StandardMaterial3D" id="StandardMaterial3D_w2yne"]
albedo_texture = ExtResource("12_8n2e8")

[node name="World" type="Node3D" node_paths=PackedStringArray("viewport_front", "viewport_back")]
script = ExtResource("1_25dgi")
viewport_front = NodePath("FrontViewPort")
viewport_back = NodePath("BackViewPort")

[node name="WorldEnvironment" type="WorldEnvironment" parent="."]
environment = SubResource("Environment_k5onh")

[node name="DirectionalLight3d" type="DirectionalLight3D" parent="WorldEnvironment"]
transform = Transform3D(0.691036, -0.672467, 0.265062, -0.28523, 0.0832558, 0.954836, -0.664164, -0.73543, -0.134275, 0.128791, 7.77952, -2.59427)
light_color = Color(0.9505, 1, 0.73, 1)
light_energy = 0.511
sky_mode = 1

[node name="SpotLight3D" type="SpotLight3D" parent="WorldEnvironment"]
transform = Transform3D(0.675693, 0, 0.737183, 0, 1, 0, -0.737183, 0, 0.675693, 1.32937, 0.982518, 0.0720713)
light_energy = 0.45

[node name="SpotLight3D2" type="SpotLight3D" parent="WorldEnvironment"]
transform = Transform3D(-0.290983, -0.00651406, 0.956706, 0.0097841, 0.999904, 0.00978404, -0.956678, 0.0122075, -0.290891, 1.32937, 0.982518, -1.52341)
light_energy = 0.45

[node name="OmniLight3D" type="OmniLight3D" parent="WorldEnvironment"]
transform = Transform3D(-1, 0, 0, 0, 1, 0, 0, 0, -1, -0.483419, 1.94083, -2.49554)
light_color = Color(1, 1, 0.282353, 1)
light_energy = 0.091
light_indirect_energy = 0.939
light_size = 0.169
light_specular = 0.53
shadow_enabled = true

[node name="OmniLight3D2" type="OmniLight3D" parent="WorldEnvironment"]
transform = Transform3D(-1, 0, 0, 0, 1, 0, 0, 0, -1, -0.46416, 1.52147, -2.54212)
light_color = Color(1, 1, 0.282353, 1)
light_energy = 0.091
light_indirect_energy = 0.939
light_size = 0.169
light_specular = 0.53
shadow_enabled = true

[node name="OmniLight3D3" type="OmniLight3D" parent="WorldEnvironment"]
transform = Transform3D(-1, 0, 0, 0, 1, 0, 0, 0, -1, -0.639407, 1.27122, -2.00219)
light_color = Color(1, 1, 0.282353, 1)
light_energy = 0.091
light_indirect_energy = 0.939
light_size = 0.169
light_specular = 0.53
shadow_enabled = true

[node name="OmniLight3D4" type="OmniLight3D" parent="WorldEnvironment"]
transform = Transform3D(-1, 0, 0, 0, 1, 0, 0, 0, -1, -0.754054, 1.91844, -1.91149)
light_color = Color(1, 1, 0.282353, 1)
light_energy = 0.091
light_indirect_energy = 0.939
light_size = 0.169
light_specular = 0.53
shadow_enabled = true

[node name="OmniLight3D5" type="OmniLight3D" parent="WorldEnvironment"]
transform = Transform3D(-0.912134, 0, 0.409891, 0, 1, 0, -0.409891, 0, -0.912134, -0.60556, 2.30179, -2.22098)
light_color = Color(1, 1, 0.282353, 1)
light_energy = 0.091
light_indirect_energy = 0.939
light_size = 0.169
light_specular = 0.53
shadow_enabled = true

[node name="SpotLight3D3" type="SpotLight3D" parent="WorldEnvironment"]
transform = Transform3D(1, 0, 0, 0, 0.263823, 0.964571, 0, -0.964571, 0.263823, 0.205032, 3.42457, -0.425466)
light_color = Color(1, 1, 0.552941, 1)
light_energy = 2.116
shadow_enabled = true

[node name="Player" parent="." instance=ExtResource("1_ndiqr")]
transform = Transform3D(-4.37114e-08, -0.573577, 0.819152, 0, 0.819152, 0.573577, -1, 2.50718e-08, -3.58063e-08, 0.812068, 1.52123, -0.941804)

[node name="AudioScene" parent="." instance=ExtResource("4_nwgsj")]

[node name="GMTK_Amb_Hairdresser" parent="AudioScene/AudioRoom/Game/Ambiences" index="0"]
volume_db = -3.0

[node name="GMTK_Amb_TV_Background" parent="AudioScene/AudioRoom/Game/Ambiences" index="1"]
transform = Transform3D(1, 0, 0, 0, 1, 0, 0, 0, 1, 0, 1.20389, 0)
volume_db = -9.0
bus = &"Master"

[node name="GMTK_Amb_TV_Voices" parent="AudioScene/AudioRoom/Game/Ambiences" index="2"]
transform = Transform3D(1, 0, 0, 0, 1, 0, 0, 0, 1, 0, 1.20389, 0)
volume_db = -22.636
bus = &"Master"

[node name="GMTK_Music_Radio" parent="AudioScene/AudioRoom/Game/Ambiences" index="3"]
transform = Transform3D(1, 0, 0, 0, 1, 0, 0, 0, 1, 0.178283, 1.30727, -2.21458)
volume_db = -20.0
bus = &"Master"

[node name="audioPlayer" parent="AudioScene/Audio" index="0"]
transform = Transform3D(1, 0, 0, 0, 1, 0, 0, 0, 1, 0.153514, 1.24356, -0.991139)

[node name="rotatingChair" parent="AudioScene/Audio" index="2"]
transform = Transform3D(1, 0, 0, 0, 1, 0, 0, 0, 1, 0.180229, 0.559342, -0.99945)

[node name="Celebrity" parent="." instance=ExtResource("2_ecytd")]
transform = Transform3D(-4.37617e-08, 0, 1.00115, 0, 1.00115, 0, -1.00115, 0, -4.37617e-08, 0, 1, -10)
is_celebrity = true

[node name="Chair" parent="." instance=ExtResource("3_q2e3v")]
transform = Transform3D(1.00286, 0, 0, 0, 1.00286, 0, 0, 0, 1.00286, 0.169177, 0.298766, -0.997188)
spinning_speed = 0.5
mouse_click_scale_speed = 5.0
scale_speed_based_on_score = 0.5

[node name="Client" parent="Chair" instance=ExtResource("2_ecytd")]
transform = Transform3D(1.00115, 0, 0, 0, 1.00115, 0, 0, 0, 1.00115, 0.0019098, 0.790281, 0.00511092)

[node name="FrontViewPort" type="SubViewport" parent="."]
transparent_bg = true

[node name="Camera3D" type="Camera3D" parent="FrontViewPort"]
transform = Transform3D(-3.91542e-08, -0.444573, 0.895743, -1.94329e-08, 0.895743, 0.444573, -1, -1.77636e-15, -4.37114e-08, 0.815324, 1.61219, -10)

[node name="BackViewPort" type="SubViewport" parent="."]
transparent_bg = true

[node name="Camera3D" type="Camera3D" parent="BackViewPort"]
transform = Transform3D(-4.12624e-08, 0.33002, -0.943974, 1.44256e-08, 0.943974, 0.33002, 1, -1.77636e-15, -4.37114e-08, -0.955709, 1.50032, -10)

[node name="GreyBox" type="Node" parent="."]

[node name="wall1" type="CSGBox3D" parent="GreyBox"]
transform = Transform3D(0.890308, -0.455358, -1.35707e-08, 0, 2.98023e-08, -1, 0.455358, 0.890308, 2.65333e-08, 0.920209, 0.746018, 0.78668)
size = Vector3(6.6, 0.8, 3.9)
material = ExtResource("7_m5lms")

[node name="subwall1*3" type="CSGBox3D" parent="GreyBox/wall1"]
transform = Transform3D(1, -5.96046e-08, 7.11579e-09, 5.96046e-08, 1, 1.49012e-08, -2.2017e-08, -7.78537e-09, 1, -1.96513, -0.229975, -0.167355)
material_override = ExtResource("8_wlehf")
operation = 2
size = Vector3(0.822584, 0.734277, 0.712988)

[node name="subwall1*4" type="CSGBox3D" parent="GreyBox/wall1"]
transform = Transform3D(1, -5.96046e-08, 7.11579e-09, 5.96046e-08, 1, 1.49012e-08, -2.2017e-08, -7.78537e-09, 1, -1.9658, -0.229191, -1.07621)
operation = 2
size = Vector3(0.822584, 0.734277, 0.712988)
material = ExtResource("8_wlehf")

[node name="Wall2" type="CSGBox3D" parent="GreyBox"]
transform = Transform3D(0.426663, 0.90441, -1.26378e-08, -2.98023e-08, 0, -1, -0.90441, 0.426663, 4.34663e-08, -0.622761, 0.726592, -3.42721)
size = Vector3(6.6, 0.8, 3.9)
material = ExtResource("7_m5lms")

[node name="sol" type="CSGBox3D" parent="GreyBox"]
transform = Transform3D(0.890632, 0.000315791, -0.454723, -0.000238209, 1, 0.000227901, 0.454723, -9.46488e-05, 0.890632, 2.22498, 0.0784966, -1.98711)
use_collision = true
size = Vector3(6.6, 0.2, 5.7)
material = ExtResource("9_noaln")

[node name="posterdoop" type="CSGBox3D" parent="GreyBox"]
transform = Transform3D(5.39916e-08, -0.25165, 0.491767, -0.552416, -2.41469e-08, 4.82937e-08, 5.04115e-10, 0.491767, 0.25165, 0.0743322, 1.32246, -0.103857)
material_override = SubResource("StandardMaterial3D_v4o67")
use_collision = true
size = Vector3(1.3, 0.001, 0.970581)

[node name="posterlareal" type="CSGBox3D" parent="GreyBox"]
transform = Transform3D(-0.0180099, -0.63657, -0.325083, -0.713905, 3.1665e-08, 0.0395509, 0.0352125, -0.325581, 0.635596, -1.15269, 1.81016, -1.33936)
material_override = SubResource("StandardMaterial3D_8n2e8")
use_collision = true
size = Vector3(1.3, 0.00220947, 0.970581)

[node name="posterlareal2" type="CSGBox3D" parent="GreyBox"]
transform = Transform3D(2.25189e-08, -0.254601, -0.130286, -0.286, -1.25015e-08, -2.50029e-08, -1.65629e-08, -0.130286, 0.254601, -0.429907, 1.40988, -2.81626)
material_override = SubResource("StandardMaterial3D_w2yne")
use_collision = true
size = Vector3(1.3, 0.001, 0.970581)

[node name="CSGSphere3D3" type="CSGSphere3D" parent="GreyBox"]
transform = Transform3D(0.454527, 0, -0.208339, 0, 0.5, 0, 0.208339, 0, 0.454527, -0.515088, 1.94346, -2.49437)
radius = 0.0610386
material = ExtResource("9_5hxgg")

[node name="CSGSphere3D5" type="CSGSphere3D" parent="GreyBox"]
transform = Transform3D(0.454527, 0, -0.208339, 0, 0.5, 0, 0.208339, 0, 0.454527, -0.490394, 1.52625, -2.54409)
radius = 0.0610386
material = ExtResource("9_5hxgg")

[node name="CSGSphere3D4" type="CSGSphere3D" parent="GreyBox"]
transform = Transform3D(0.454527, 0, -0.208339, 0, 0.5, 0, 0.208339, 0, 0.454527, -0.707888, 1.22977, -2.03945)
radius = 0.0610386
material = ExtResource("9_5hxgg")

[node name="CSGSphere3D2" type="CSGSphere3D" parent="GreyBox"]
transform = Transform3D(0.454527, 0, -0.208339, 0, 0.5, 0, 0.208339, 0, 0.454527, -0.784609, 1.91663, -1.9022)
radius = 0.0610386
material = ExtResource("9_5hxgg")

[node name="CSGSphere3D" type="CSGSphere3D" parent="GreyBox"]
transform = Transform3D(0.454527, 0, -0.208339, 0, 0.5, 0, 0.208339, 0, 0.454527, -0.638404, 2.29673, -2.23653)
radius = 0.0610386
material = ExtResource("9_5hxgg")

[node name="VANITY2" parent="GreyBox" instance=ExtResource("14_tu7wk")]
transform = Transform3D(-12.2651, 0.00944711, -25.1708, -0.131739, 27.9996, 0.0747016, 25.1705, 0.15115, -12.2649, -0.521445, 0.111444, -2.11505)

[node name="carpet" parent="." instance=ExtResource("14_fktxf")]
transform = Transform3D(27.7716, 0, 0, 0, 27.7716, 0, 0, 0, 27.7716, 0.440853, 0.185877, -1.37557)

[node name="trophy2" parent="." instance=ExtResource("18_ibl7g")]
transform = Transform3D(-2.00347, 0, 12.1931, 0, 12.3566, 0, -12.1931, 0, -2.00347, -0.859623, 0.545958, -0.380219)

[node name="miror" parent="." instance=ExtResource("20_tu7wk")]
transform = Transform3D(2.70889, -0.028706, 6.03169, -0.00154199, 6.61205, 0.0321606, -6.03176, -0.0145822, 2.70885, -0.754732, 1.17241, -2.18566)

[node name="hair dryer" parent="." instance=ExtResource("20_xqf6g")]
transform = Transform3D(7.96975, 0, 0, 0, 7.96975, 0, 0, 0, 7.96975, 0.266152, 0.240409, -2.19744)

[node name="brush" parent="." instance=ExtResource("19_fktxf")]
transform = Transform3D(-2.33682, 0, -7.4609, 0, 7.8183, 0, 7.4609, 0, -2.33682, -0.929703, 1.45314, -0.467543)

[node name="LAMP" parent="." instance=ExtResource("20_noaln")]
transform = Transform3D(5.20666, 0, -7.32838, 0, 8.98969, 0, 7.32838, 0, 5.20666, -0.790517, 1.05751, -1.63393)

[node name="flacon1" parent="." instance=ExtResource("20_4a8cn")]
transform = Transform3D(1, 0, 0, 0, 1, 0, 0, 0, 1, -2.1404, 0, 2.77282)

[node name="flacon2" parent="." instance=ExtResource("19_xqf6g")]
transform = Transform3D(8.16808, 0, 0, 0, 8.16808, 0, 0, 0, 8.16808, -0.619778, 1.46996, -0.0898273)

[editable path="AudioScene"]
