[gd_scene load_steps=12 format=3 uid="uid://xf5n1prpkpxt"]

[ext_resource type="Script" uid="uid://bwotumntdsqjm" path="res://Script/Game/client.gd" id="1_scgdo"]
[ext_resource type="PackedScene" uid="uid://6hjuniq7iw3v" path="res://Prefabs/Hairs/GAME_Hair_Curly_Long.tscn" id="2_cdf56"]
[ext_resource type="PackedScene" uid="uid://detsde15j2dyy" path="res://Prefabs/Hairs/GAME_Hair_Curly_Medium.tscn" id="3_rw0qo"]
[ext_resource type="PackedScene" uid="uid://clj63qgtsrlwq" path="res://Prefabs/Hairs/GAME_Hair_Curly_Short.tscn" id="4_4x0kx"]
[ext_resource type="PackedScene" uid="uid://bg2f1kr0nynw3" path="res://Prefabs/Hairs/GAME_Hair_Straight_Long.tscn" id="5_8bwxi"]
[ext_resource type="PackedScene" uid="uid://c36lm5en1o0gk" path="res://Prefabs/Hairs/GAME_Hair_Straight_Medium.tscn" id="6_0a3ld"]
[ext_resource type="PackedScene" uid="uid://xtxmotqc4s3u" path="res://Prefabs/Hairs/GAME_Hair_Straight_Short.tscn" id="7_ecsbc"]
[ext_resource type="PackedScene" uid="uid://drydtg1jrqn6r" path="res://eyes_2.tscn" id="9_0a3ld"]
[ext_resource type="PackedScene" uid="uid://blvlevcrranql" path="res://eyes_3.tscn" id="10_ecsbc"]
[ext_resource type="PackedScene" uid="uid://dg6o2pax6nrwg" path="res://Art/Mesh/Enviro/textured/chara_v_2.tscn" id="11_0a3ld"]
[ext_resource type="PackedScene" uid="uid://d0cbxhaiwgssg" path="res://eye_1.tscn" id="11_4727f"]

[node name="Client" type="Node3D" node_paths=PackedStringArray("spawn_positions", "eyes")]
transform = Transform3D(1, 0, 0, 0, 1, 0, 0, 0, 1, 0.00351608, 0.505171, 0.00166607)
script = ExtResource("1_scgdo")
spawn_positions = [NodePath("Spawn_Pos_0"), NodePath("Spawn_Pos_1"), NodePath("Spawn_Pos_2"), NodePath("Spawn_Pos_3"), NodePath("Spawn_Pos_4")]
eyes = [NodePath("eye 1"), NodePath("eyes 2"), NodePath("eyes 3")]
angle_variation_degrees = Vector3(5, 5, 2)
hair_styles = Array[PackedScene]([ExtResource("2_cdf56"), ExtResource("3_rw0qo"), ExtResource("4_4x0kx"), ExtResource("5_8bwxi"), ExtResource("6_0a3ld"), ExtResource("7_ecsbc")])

[node name="Spawn_Pos_0" type="Node3D" parent="."]
transform = Transform3D(0.248203, -0.815481, -0.522864, 0.966052, 0.168421, 0.195908, -0.0716973, -0.553738, 0.829599, -0.154819, 0.116513, -0.128588)

[node name="Spawn_Pos_1" type="Node3D" parent="."]
transform = Transform3D(0.00177561, 0.817032, -0.57659, 0.986849, 0.0917688, 0.133076, 0.161641, -0.569243, -0.806123, 0.189829, 0.140333, -0.0716944)

[node name="Spawn_Pos_2" type="Node3D" parent="."]
transform = Transform3D(-0.0842857, -0.83863, 0.53814, 0.996387, -0.0765902, 0.0367006, 0.0104381, 0.53929, 0.842056, -0.149527, 0.165398, 0.0930436)

[node name="Spawn_Pos_3" type="Node3D" parent="."]
transform = Transform3D(-0.0418131, 0.959125, 0.279876, 0.996278, 0.0611586, -0.0607454, -0.0753793, 0.276294, -0.958113, 0.126767, 0.111347, 0.128592)

[node name="Spawn_Pos_4" type="Node3D" parent="."]
transform = Transform3D(0.00845922, -0.00611314, -0.999946, 0.999185, 0.0395464, 0.008211, 0.0394943, -0.999199, 0.00644267, -0.000690929, 0.070132, -0.208164)

[node name="eyes 2" parent="." instance=ExtResource("9_0a3ld")]

[node name="eyes 3" parent="." instance=ExtResource("10_ecsbc")]

[node name="eye 1" parent="." instance=ExtResource("11_4727f")]

[node name="charaV3" parent="." instance=ExtResource("11_0a3ld")]
transform = Transform3D(1.03, 0, 0, 0, 1.03, 0, 0, 0, 1.03, 0, -0.506394, 0)
